1	7	86700000	87100000	12
2	11	83700000	84000000	12
3	8	9300000	9700000	7
4	7	125900000	126200000	6
5	11	45600000	45700000	6
6	11	128800000	129000000	6
7	17	53800000	53900000	6
8	16	81000000	81200000	5
9	2	123600000	123800000	4
10	3	1000000	1100000	4
11	3	8900000	9000000	4
12	4	24100000	24300000	4
13	8	29900000	30100000	4
14	14	63500000	63700000	4
15	15	99600000	99800000	4
16	17	70900000	71100000	4
17	21	30800000	30900000	4
18	1	3300000	3400000	3
19	2	44600000	44900000	3
20	2	76800000	76900000	3
21	2	107700000	107800000	3
22	3	118800000	119000000	3
23	4	180000000	180100000	3
24	7	119900000	120100000	3
25	8	139600000	139800000	3
26	8	139900000	140100000	3
27	11	15500000	15700000	3
28	11	129100000	129200000	3
29	12	125100000	125200000	3
30	13	46000000	46200000	3
31	13	72500000	72600000	3
32	13	108300000	108400000	3
33	15	68600000	68700000	3
34	16	1800000	2000000	3
35	19	16500000	16700000	3
36	22	47100000	47300000	3
37	1	48200000	48400000	2
38	1	50600000	50800000	2
39	1	71200000	71400000	2
40	1	84700000	84800000	2
41	1	208900000	209000000	2
42	2	38000000	38100000	2
43	2	158600000	158700000	2
44	2	181700000	181800000	2
45	2	194700000	194800000	2
46	3	25300000	25400000	2
47	3	41500000	41600000	2
48	3	88000000	88200000	2
49	4	140600000	140700000	2
50	4	162800000	163000000	2
51	5	38100000	38200000	2
52	5	110500000	110600000	2
53	5	145200000	145300000	2
54	6	14800000	14900000	2
55	6	28500000	28700000	2
56	6	53400000	53500000	2
57	6	135700000	135900000	2
58	7	27100000	27200000	2
59	7	50700000	50800000	2
60	7	79000000	79100000	2
61	7	89300000	89500000	2
62	9	90800000	90900000	2
63	10	30900000	31000000	2
64	10	78300000	78400000	2
65	10	108400000	108500000	2
66	10	133500000	133600000	2
67	11	56800000	57000000	2
68	11	67000000	67100000	2
69	11	107900000	108100000	2
70	12	11100000	11200000	2
71	12	11800000	11900000	2
72	12	83300000	83500000	2
73	12	104900000	105000000	2
74	12	121300000	121500000	2
75	14	89400000	89500000	2
76	15	61800000	62000000	2
77	15	70900000	71000000	2
78	15	73200000	73300000	2
79	16	63000000	63200000	2
80	17	62300000	62500000	2
81	18	26600000	26800000	2
82	20	49300000	49400000	2
83	20	54600000	54700000	2
84	21	30200000	30300000	2
85	1	18000000	18100000	1
86	1	22200000	22300000	1
87	1	69000000	69100000	1
88	1	87200000	87300000	1
89	1	88900000	89000000	1
90	1	101500000	101600000	1
91	1	107700000	107800000	1
92	1	108400000	108500000	1
93	1	111200000	111300000	1
94	1	111500000	111600000	1
95	1	194200000	194300000	1
96	1	203400000	203500000	1
97	1	231500000	231600000	1
98	1	231800000	231900000	1
99	1	248100000	248200000	1
100	2	21800000	21900000	1
101	2	158200000	158300000	1
102	2	192600000	192700000	1
103	2	218200000	218300000	1
104	2	234200000	234300000	1
105	3	10600000	10700000	1
106	3	29500000	29600000	1
107	3	33100000	33200000	1
108	3	109700000	109800000	1
109	3	137500000	137600000	1
110	4	16500000	16600000	1
111	4	32600000	32700000	1
112	4	108600000	108700000	1
113	4	142900000	143000000	1
114	4	152800000	152900000	1
115	4	153500000	153600000	1
116	5	3300000	3400000	1
117	5	11500000	11600000	1
118	5	20700000	20800000	1
119	5	24600000	24700000	1
120	5	54700000	54800000	1
121	5	57200000	57300000	1
122	5	108900000	109000000	1
123	5	125600000	125700000	1
124	5	145700000	145800000	1
125	5	165500000	165600000	1
126	5	165900000	166000000	1
127	6	32200000	32300000	1
128	6	35000000	35100000	1
129	6	40800000	40900000	1
130	6	81300000	81400000	1
131	6	84900000	85000000	1
132	6	167200000	167300000	1
133	7	1900000	2000000	1
134	7	8200000	8300000	1
135	7	8500000	8600000	1
136	7	12100000	12200000	1
137	7	14400000	14500000	1
138	7	16800000	16900000	1
139	7	19400000	19500000	1
140	7	21200000	21300000	1
141	7	73500000	73600000	1
142	7	78800000	78900000	1
143	7	98000000	98100000	1
144	7	135400000	135500000	1
145	7	137600000	137700000	1
146	7	147500000	147600000	1
147	8	17600000	17700000	1
148	8	18600000	18700000	1
149	8	24100000	24200000	1
150	8	33800000	33900000	1
151	8	108500000	108600000	1
152	8	116700000	116800000	1
153	9	900000	1000000	1
154	9	14500000	14600000	1
155	9	27800000	27900000	1
156	9	32600000	32700000	1
157	9	32900000	33000000	1
158	9	79400000	79500000	1
159	9	87900000	88000000	1
160	9	114700000	114800000	1
161	9	123400000	123500000	1
162	10	44400000	44500000	1
163	10	80500000	80600000	1
164	10	90000000	90100000	1
165	10	108200000	108300000	1
166	10	119900000	120000000	1
167	10	120800000	120900000	1
168	10	121900000	122000000	1
169	10	128800000	128900000	1
170	10	131200000	131300000	1
171	11	20400000	20500000	1
172	11	20700000	20800000	1
173	11	22600000	22700000	1
174	11	34200000	34300000	1
175	11	59200000	59300000	1
176	11	67400000	67500000	1
177	11	76800000	76900000	1
178	11	84900000	85000000	1
179	11	88400000	88500000	1
180	11	102400000	102500000	1
181	11	104700000	104800000	1
182	11	130000000	130100000	1
183	12	4900000	5000000	1
184	12	76300000	76400000	1
185	12	81500000	81600000	1
186	12	109600000	109700000	1
187	13	21500000	21600000	1
188	13	22600000	22700000	1
189	13	67900000	68000000	1
190	13	72000000	72100000	1
191	13	83200000	83300000	1
192	13	93800000	93900000	1
193	14	85500000	85600000	1
194	14	100900000	101000000	1
195	15	72600000	72700000	1
196	15	95700000	95800000	1
197	15	97200000	97300000	1
198	16	7800000	7900000	1
199	16	80100000	80200000	1
200	17	77400000	77500000	1
201	18	10300000	10400000	1
202	18	20400000	20500000	1
203	18	20600000	20700000	1
204	18	23500000	23600000	1
205	18	36900000	37000000	1
206	18	71200000	71300000	1
207	19	11300000	11400000	1
208	19	11500000	11600000	1
209	19	18900000	19000000	1
210	19	29600000	29700000	1
211	19	49100000	49200000	1
212	20	13800000	13900000	1
213	20	21300000	21400000	1
214	20	48300000	48400000	1
215	21	21100000	21200000	1
216	21	26600000	26700000	1
217	21	30500000	30600000	1
218	22	31900000	32000000	1
219	22	35700000	35800000	1
220	22	37000000	37100000	1
